('副', '总理'), [0, 0, 0, 0, 0, 0, 0, 0, 0, 0, 137]
('出', '了'), [0, 0, 0, 0, 0, 0, 0, 0, 0, 0, 121]
('的', '要求'), [0, 0, 0, 0, 0, 0, 0, 0, 0, 0, 130]
('发展', '的'), [0, 0, 0, 0, 0, 0, 0, 0, 0, 0, 407]
('了', '一'), [0, 0, 0, 0, 0, 0, 0, 0, 0, 0, 434]
('一', '系列'), [0, 0, 0, 0, 0, 0, 0, 0, 0, 0, 139]
('年', '来'), [0, 0, 0, 0, 0, 0, 0, 0, 0, 0, 337]
('一', '天'), [0, 0, 0, 0, 0, 0, 0, 0, 0, 0, 110]
('这', '一'), [0, 0, 0, 0, 0, 0, 0, 0, 0, 0, 538]
('的', '新'), [0, 0, 0, 0, 0, 0, 0, 0, 0, 0, 264]
('的', '中国'), [0, 0, 0, 0, 0, 0, 0, 0, 0, 0, 114]
('有关', '部门'), [0, 0, 0, 0, 0, 0, 0, 0, 0, 0, 195]
('的', '十五大'), [0, 0, 0, 0, 0, 0, 0, 0, 0, 0, 150]
('多', '年'), [0, 0, 0, 0, 0, 0, 0, 0, 0, 0, 115]
('地', '说'), [0, 0, 0, 0, 0, 0, 0, 0, 0, 0, 105]
('年', '的'), [0, 0, 0, 0, 0, 0, 0, 0, 0, 0, 229]
('体制', '改革'), [0, 0, 0, 0, 0, 0, 0, 0, 0, 0, 105]
('的', '发展'), [0, 0, 0, 0, 0, 0, 0, 0, 0, 0, 441]
('较', '大'), [0, 0, 0, 0, 0, 0, 0, 0, 0, 0, 102]
('的', '问题'), [0, 0, 0, 0, 0, 0, 0, 0, 0, 0, 256]
('重要', '的'), [0, 0, 0, 0, 0, 0, 0, 0, 0, 0, 197]
('的', '工作'), [0, 0, 0, 0, 0, 0, 0, 0, 0, 0, 222]
('过程', '中'), [0, 0, 0, 0, 0, 0, 0, 0, 0, 0, 127]
('领导', '干部'), [0, 0, 0, 0, 0, 0, 0, 0, 0, 0, 205]
('这样', '的'), [0, 0, 0, 0, 0, 0, 0, 0, 0, 0, 127]
('取得', '了'), [0, 0, 0, 0, 0, 0, 0, 0, 0, 0, 155]
('一', '项'), [0, 0, 0, 0, 0, 0, 0, 0, 0, 0, 172]
('的', '一个'), [0, 0, 0, 0, 0, 0, 0, 0, 0, 0, 161]
('下岗', '职工'), [0, 0, 0, 0, 0, 0, 0, 0, 0, 0, 141]
('到', '了'), [0, 0, 0, 0, 0, 0, 0, 0, 0, 0, 161]
('有', '一'), [0, 0, 0, 0, 0, 0, 0, 0, 0, 0, 145]
('北京', '１月'), [0, 0, 0, 0, 0, 0, 0, 0, 0, 0, 399]
('在', '全国'), [0, 0, 0, 0, 0, 0, 0, 0, 0, 0, 105]
('基础', '上'), [0, 0, 0, 0, 0, 0, 0, 0, 0, 0, 158]
('企业', '的'), [0, 0, 0, 0, 0, 0, 0, 0, 0, 0, 217]
('举行', '的'), [0, 0, 0, 0, 0, 0, 0, 0, 0, 0, 146]
('也', '有'), [0, 0, 0, 0, 0, 0, 0, 0, 0, 0, 108]
('三', '个'), [0, 0, 0, 0, 0, 0, 0, 0, 0, 0, 113]
('很', '大'), [0, 0, 0, 0, 0, 0, 0, 0, 0, 0, 143]
('提出', '了'), [0, 0, 0, 0, 0, 0, 0, 0, 0, 0, 104]
('最', '大'), [0, 0, 0, 0, 0, 0, 0, 0, 0, 0, 233]
('的', '作用'), [0, 0, 0, 0, 0, 0, 0, 0, 0, 0, 141]
('也', '是'), [0, 0, 0, 0, 0, 0, 0, 0, 0, 0, 269]
('中国', '特色'), [0, 0, 0, 0, 0, 0, 0, 0, 0, 0, 102]
('精神文明', '建设'), [0, 0, 0, 0, 0, 0, 0, 0, 0, 0, 119]
('都', '有'), [0, 0, 0, 0, 0, 0, 0, 0, 0, 0, 104]
('有', '了'), [0, 0, 0, 0, 0, 0, 0, 0, 0, 0, 172]
('上', '的'), [0, 0, 0, 0, 0, 0, 0, 0, 0, 0, 297]
('中', '的'), [0, 0, 0, 0, 0, 0, 0, 0, 0, 0, 371]
('的', '精神'), [0, 0, 0, 0, 0, 0, 0, 0, 0, 0, 143]
('和', '社会'), [0, 0, 0, 0, 0, 0, 0, 0, 0, 0, 103]
('在', '新'), [0, 0, 0, 0, 0, 0, 0, 0, 0, 0, 112]
('群众', '的'), [0, 0, 0, 0, 0, 0, 0, 0, 0, 0, 154]
('图片', '１'), [0, 0, 0, 0, 0, 0, 0, 0, 0, 0, 175]
('上', '了'), [0, 0, 0, 0, 0, 0, 0, 0, 0, 0, 121]
('一', '种'), [0, 0, 0, 0, 0, 0, 0, 0, 0, 0, 416]
('经济', '发展'), [0, 0, 0, 0, 0, 0, 0, 0, 0, 0, 210]
('在', '京'), [0, 0, 0, 0, 0, 0, 0, 0, 0, 0, 111]
('的', '人'), [0, 0, 0, 0, 0, 0, 0, 0, 0, 0, 199]
('关系', '的'), [0, 0, 0, 0, 0, 0, 0, 0, 0, 0, 122]
('国有', '企业'), [0, 0, 0, 0, 0, 0, 0, 0, 0, 0, 163]
('一', '位'), [0, 0, 0, 0, 0, 0, 0, 0, 0, 0, 259]
('的', '思想'), [0, 0, 0, 0, 0, 0, 0, 0, 0, 0, 107]
('新华社', '北京'), [0, 0, 0, 0, 0, 0, 0, 0, 0, 0, 244]
('提供', '了'), [0, 0, 0, 0, 0, 0, 0, 0, 0, 0, 114]
('他', '的'), [0, 0, 0, 0, 0, 0, 0, 0, 0, 0, 194]
('高', '的'), [0, 0, 0, 0, 0, 0, 0, 0, 0, 0, 109]
('社会主义', '市场经济'), [0, 0, 0, 0, 0, 0, 0, 0, 0, 0, 108]
('的', '影响'), [0, 0, 0, 0, 0, 0, 0, 0, 0, 0, 106]
('起', '了'), [0, 0, 0, 0, 0, 0, 0, 0, 0, 0, 110]
('反', '腐败'), [0, 0, 0, 0, 0, 0, 0, 0, 0, 0, 108]
('两', '国'), [0, 0, 0, 0, 0, 0, 0, 0, 0, 0, 451]
('的', '重要'), [0, 0, 0, 0, 0, 0, 0, 0, 0, 0, 255]
('的', '主要'), [0, 0, 0, 0, 0, 0, 0, 0, 0, 0, 161]
('是', '在'), [0, 0, 0, 0, 0, 0, 0, 0, 0, 0, 237]
('并', '不'), [0, 0, 0, 0, 0, 0, 0, 0, 0, 0, 145]
('今天', '在'), [0, 0, 0, 0, 0, 0, 0, 0, 0, 0, 182]
('一', '次'), [0, 0, 0, 0, 0, 0, 0, 0, 0, 0, 246]
('是', '一个'), [0, 0, 0, 0, 0, 0, 0, 0, 0, 0, 179]
('一', '是'), [0, 0, 0, 0, 0, 0, 0, 0, 0, 0, 120]
('好', '的'), [0, 0, 0, 0, 0, 0, 0, 0, 0, 0, 200]
('问题', '的'), [0, 0, 0, 0, 0, 0, 0, 0, 0, 0, 131]
('个', '月'), [0, 0, 0, 0, 0, 0, 0, 0, 0, 0, 130]
('的', '同时'), [0, 0, 0, 0, 0, 0, 0, 0, 0, 0, 155]
('两', '个'), [0, 0, 0, 0, 0, 0, 0, 0, 0, 0, 259]
('一', '年'), [0, 0, 0, 0, 0, 0, 0, 0, 0, 0, 429]
('讯', '记者'), [0, 0, 0, 0, 0, 0, 0, 0, 0, 0, 199]
('自己', '的'), [0, 0, 0, 0, 0, 0, 0, 0, 0, 0, 343]
('的', '基础'), [0, 0, 0, 0, 0, 0, 0, 0, 0, 0, 185]
('的', '经济'), [0, 0, 0, 0, 0, 0, 0, 0, 0, 0, 220]
('图', '为'), [0, 0, 0, 0, 0, 0, 0, 0, 0, 0, 133]
('一', '大'), [0, 0, 0, 0, 0, 0, 0, 0, 0, 0, 105]
('对', '此'), [0, 0, 0, 0, 0, 0, 0, 0, 0, 0, 110]
('世纪', '的'), [0, 0, 0, 0, 0, 0, 0, 0, 0, 0, 101]
('附', '图片'), [0, 0, 0, 0, 0, 0, 0, 0, 0, 0, 238]
('人民', '的'), [0, 0, 0, 0, 0, 0, 0, 0, 0, 0, 134]
('记者', '王'), [0, 0, 0, 0, 0, 0, 0, 0, 0, 0, 109]
('两', '年'), [0, 0, 0, 0, 0, 0, 0, 0, 0, 0, 128]
('良好', '的'), [0, 0, 0, 0, 0, 0, 0, 0, 0, 0, 114]
('１', '张'), [0, 0, 0, 0, 0, 0, 0, 0, 0, 0, 175]
('已', '有'), [0, 0, 0, 0, 0, 0, 0, 0, 0, 0, 110]
('副', '主席'), [0, 0, 0, 0, 0, 0, 0, 0, 0, 0, 136]
('国家', '的'), [0, 0, 0, 0, 0, 0, 0, 0, 0, 0, 194]
('是', '一'), [0, 0, 0, 0, 0, 0, 0, 0, 0, 0, 317]
('的', '基本'), [0, 0, 0, 0, 0, 0, 0, 0, 0, 0, 136]
('我们', '的'), [0, 0, 0, 0, 0, 0, 0, 0, 0, 0, 163]
('一', '条'), [0, 0, 0, 0, 0, 0, 0, 0, 0, 0, 165]
('改革', '的'), [0, 0, 0, 0, 0, 0, 0, 0, 0, 0, 119]
('多', '万'), [0, 0, 0, 0, 0, 0, 0, 0, 0, 0, 142]
('本报', '北京'), [0, 0, 0, 0, 0, 0, 0, 0, 0, 0, 212]
('工作', '会议'), [0, 0, 0, 0, 0, 0, 0, 0, 0, 0, 133]
('的', '合作'), [0, 0, 0, 0, 0, 0, 0, 0, 0, 0, 121]
('党', '的'), [0, 0, 0, 0, 0, 0, 0, 0, 0, 0, 419]
('的', '是'), [0, 0, 0, 0, 0, 0, 0, 0, 0, 0, 364]
('都', '是'), [0, 0, 0, 0, 0, 0, 0, 0, 0, 0, 248]
('工作', '的'), [0, 0, 0, 0, 0, 0, 0, 0, 0, 0, 273]
('的', '第一'), [0, 0, 0, 0, 0, 0, 0, 0, 0, 0, 126]
('成', '了'), [0, 0, 0, 0, 0, 0, 0, 0, 0, 0, 135]
('之间', '的'), [0, 0, 0, 0, 0, 0, 0, 0, 0, 0, 101]
('提出', '的'), [0, 0, 0, 0, 0, 0, 0, 0, 0, 0, 107]
('地区', '的'), [0, 0, 0, 0, 0, 0, 0, 0, 0, 0, 175]
('进行', '了'), [0, 0, 0, 0, 0, 0, 0, 0, 0, 0, 206]
('市场', '的'), [0, 0, 0, 0, 0, 0, 0, 0, 0, 0, 131]
('李', '鹏'), [0, 0, 0, 0, 0, 0, 0, 0, 0, 0, 163]
('我', '的'), [0, 0, 0, 0, 0, 0, 0, 0, 0, 0, 123]
('邓', '小平'), [0, 0, 0, 0, 0, 0, 0, 0, 0, 0, 118]
('电', '记者'), [0, 0, 0, 0, 0, 0, 0, 0, 0, 0, 602]
('经济', '增长'), [0, 0, 0, 0, 0, 0, 0, 0, 0, 0, 111]
('[全国', '政协'), [0, 0, 0, 0, 0, 0, 0, 0, 0, 0, 130]
('中国', '的'), [0, 0, 0, 0, 0, 0, 0, 0, 0, 0, 230]
('几', '个'), [0, 0, 0, 0, 0, 0, 0, 0, 0, 0, 126]
('和', '发展'), [0, 0, 0, 0, 0, 0, 0, 0, 0, 0, 184]
('更', '多'), [0, 0, 0, 0, 0, 0, 0, 0, 0, 0, 140]
('本报', '讯'), [0, 0, 0, 0, 0, 0, 0, 0, 0, 0, 362]
('十五大', '精神'), [0, 0, 0, 0, 0, 0, 0, 0, 0, 0, 139]
('他们', '的'), [0, 0, 0, 0, 0, 0, 0, 0, 0, 0, 137]
('的', '关系'), [0, 0, 0, 0, 0, 0, 0, 0, 0, 0, 126]
('建设', '和'), [0, 0, 0, 0, 0, 0, 0, 0, 0, 0, 112]
('多', '的'), [0, 0, 0, 0, 0, 0, 0, 0, 0, 0, 189]
('岁', '的'), [0, 0, 0, 0, 0, 0, 0, 0, 0, 0, 126]
('建设', '的'), [0, 0, 0, 0, 0, 0, 0, 0, 0, 0, 224]
('的', '领导'), [0, 0, 0, 0, 0, 0, 0, 0, 0, 0, 130]
('改革', '开放'), [0, 0, 0, 0, 0, 0, 0, 0, 0, 0, 184]
('的', '一'), [0, 0, 0, 0, 0, 0, 0, 0, 0, 0, 684]
('的', '情况'), [0, 0, 0, 0, 0, 0, 0, 0, 0, 0, 164]
('周', '恩来'), [0, 0, 0, 0, 0, 0, 0, 0, 0, 0, 163]
('多', '名'), [0, 0, 0, 0, 0, 0, 0, 0, 0, 0, 122]
('二', '是'), [0, 0, 0, 0, 0, 0, 0, 0, 0, 0, 114]
('多', '个'), [0, 0, 0, 0, 0, 0, 0, 0, 0, 0, 151]
('不', '会'), [0, 0, 0, 0, 0, 0, 0, 0, 0, 0, 136]
('的', '企业'), [0, 0, 0, 0, 0, 0, 0, 0, 0, 0, 104]
('了', '一个'), [0, 0, 0, 0, 0, 0, 0, 0, 0, 0, 103]
('在', '这'), [0, 0, 0, 0, 0, 0, 0, 0, 0, 0, 124]
('的', '生活'), [0, 0, 0, 0, 0, 0, 0, 0, 0, 0, 109]
('方面', '的'), [0, 0, 0, 0, 0, 0, 0, 0, 0, 0, 199]
('他', '说'), [0, 0, 0, 0, 0, 0, 0, 0, 0, 0, 294]
('新华社', '记者'), [0, 0, 0, 0, 0, 0, 0, 0, 0, 0, 212]
('只', '有'), [0, 0, 0, 0, 0, 0, 0, 0, 0, 0, 114]
('再', '就业'), [0, 0, 0, 0, 0, 0, 0, 0, 0, 0, 143]
('特别', '是'), [0, 0, 0, 0, 0, 0, 0, 0, 0, 0, 232]
('才', '能'), [0, 0, 0, 0, 0, 0, 0, 0, 0, 0, 148]
('人民', '群众'), [0, 0, 0, 0, 0, 0, 0, 0, 0, 0, 104]
('本报', '记者'), [0, 0, 0, 0, 0, 0, 0, 0, 0, 0, 223]
('党', '和'), [0, 0, 0, 0, 0, 0, 0, 0, 0, 0, 118]
('在', '北京'), [0, 0, 0, 0, 0, 0, 0, 0, 0, 0, 119]
('第一', '次'), [0, 0, 0, 0, 0, 0, 0, 0, 0, 0, 130]
('在', '这里'), [0, 0, 0, 0, 0, 0, 0, 0, 0, 0, 136]
('江', '泽民'), [0, 0, 0, 0, 0, 0, 0, 0, 0, 0, 344]
('大', '的'), [0, 0, 0, 0, 0, 0, 0, 0, 0, 0, 340]
('这', '是'), [0, 0, 0, 0, 0, 0, 0, 0, 0, 0, 456]
('一', '家'), [0, 0, 0, 0, 0, 0, 0, 0, 0, 0, 110]
('就', '是'), [0, 0, 0, 0, 0, 0, 0, 0, 0, 0, 393]
('金融', '危机'), [0, 0, 0, 0, 0, 0, 0, 0, 0, 0, 150]
('结构', '调整'), [0, 0, 0, 0, 0, 0, 0, 0, 0, 0, 104]
('参加', '了'), [0, 0, 0, 0, 0, 0, 0, 0, 0, 0, 123]
('新', '的'), [0, 0, 0, 0, 0, 0, 0, 0, 0, 0, 597]
('来', '的'), [0, 0, 0, 0, 0, 0, 0, 0, 0, 0, 118]
('经济', '的'), [0, 0, 0, 0, 0, 0, 0, 0, 0, 0, 182]
('等', '方面'), [0, 0, 0, 0, 0, 0, 0, 0, 0, 0, 119]
('钱', '其琛'), [0, 0, 0, 0, 0, 0, 0, 0, 0, 0, 192]
('一', '批'), [0, 0, 0, 0, 0, 0, 0, 0, 0, 0, 187]
('的', '历史'), [0, 0, 0, 0, 0, 0, 0, 0, 0, 0, 179]
('更', '好'), [0, 0, 0, 0, 0, 0, 0, 0, 0, 0, 109]
('人', '的'), [0, 0, 0, 0, 0, 0, 0, 0, 0, 0, 194]
('据', '新华社'), [0, 0, 0, 0, 0, 0, 0, 0, 0, 0, 330]
('不', '是'), [0, 0, 0, 0, 0, 0, 0, 0, 0, 0, 316]
('几', '年'), [0, 0, 0, 0, 0, 0, 0, 0, 0, 0, 201]
('也', '不'), [0, 0, 0, 0, 0, 0, 0, 0, 0, 0, 121]
