('市场', '的'), [0, 0, 0, 0, 0, 0, 0, 0, 0, 0, 131]
('这', '就'), [0, 0, 0, 0, 0, 0, 0, 0, 0, 0, 84]
('更', '大'), [0, 0, 0, 0, 0, 0, 0, 0, 0, 0, 82]
('的', '社会'), [0, 0, 0, 0, 0, 0, 0, 0, 0, 0, 91]
('人员', '的'), [0, 0, 0, 0, 0, 0, 0, 0, 0, 0, 59]
('说', '在'), [0, 0, 0, 0, 0, 0, 0, 0, 0, 0, 65]
('记者', '陈'), [0, 0, 0, 0, 0, 0, 0, 0, 0, 0, 73]
('１月', '１５日'), [0, 0, 0, 0, 0, 0, 0, 0, 0, 0, 68]
('改革', '开放'), [0, 0, 0, 0, 0, 0, 0, 0, 0, 0, 184]
('的', '问题'), [0, 0, 0, 0, 0, 0, 0, 0, 0, 0, 256]
('一', '年'), [0, 0, 0, 0, 0, 0, 0, 0, 0, 0, 429]
('再', '就业'), [0, 0, 0, 0, 0, 0, 0, 0, 0, 0, 143]
('和', '经济'), [0, 0, 0, 0, 0, 0, 0, 0, 0, 0, 73]
('改革', '和'), [0, 0, 0, 0, 0, 0, 0, 0, 0, 0, 91]
('和', '政府'), [0, 0, 0, 0, 0, 0, 0, 0, 0, 0, 51]
('世纪', '的'), [0, 0, 0, 0, 0, 0, 0, 0, 0, 0, 101]
('的', '合作'), [0, 0, 0, 0, 0, 0, 0, 0, 0, 0, 121]
('说', '中国'), [0, 0, 0, 0, 0, 0, 0, 0, 0, 0, 59]
('建设', '和'), [0, 0, 0, 0, 0, 0, 0, 0, 0, 0, 112]
('政策', '的'), [0, 0, 0, 0, 0, 0, 0, 0, 0, 0, 73]
('国家', '的'), [0, 0, 0, 0, 0, 0, 0, 0, 0, 0, 194]
('领导', '的'), [0, 0, 0, 0, 0, 0, 0, 0, 0, 0, 63]
('她', '的'), [0, 0, 0, 0, 0, 0, 0, 0, 0, 0, 79]
('这', '位'), [0, 0, 0, 0, 0, 0, 0, 0, 0, 0, 98]
('１月', '１９日'), [0, 0, 0, 0, 0, 0, 0, 0, 0, 0, 78]
('也', '是'), [0, 0, 0, 0, 0, 0, 0, 0, 0, 0, 269]
('的', '贡献'), [0, 0, 0, 0, 0, 0, 0, 0, 0, 0, 74]
('的', '国家'), [0, 0, 0, 0, 0, 0, 0, 0, 0, 0, 85]
('形成', '了'), [0, 0, 0, 0, 0, 0, 0, 0, 0, 0, 75]
('工作', '会议'), [0, 0, 0, 0, 0, 0, 0, 0, 0, 0, 133]
('[中共中央', '政治局'), [0, 0, 0, 0, 0, 0, 0, 0, 0, 0, 90]
('人大', '常委会'), [0, 0, 0, 0, 0, 0, 0, 0, 0, 0, 73]
('这', '一'), [0, 0, 0, 0, 0, 0, 0, 0, 0, 0, 538]
('新华社', '记者'), [0, 0, 0, 0, 0, 0, 0, 0, 0, 0, 212]
('巨大', '的'), [0, 0, 0, 0, 0, 0, 0, 0, 0, 0, 64]
('的', '管理'), [0, 0, 0, 0, 0, 0, 0, 0, 0, 0, 75]
('新华社', '北京'), [0, 0, 0, 0, 0, 0, 0, 0, 0, 0, 244]
('上', '了'), [0, 0, 0, 0, 0, 0, 0, 0, 0, 0, 121]
('的', '企业'), [0, 0, 0, 0, 0, 0, 0, 0, 0, 0, 104]
('自己', '的'), [0, 0, 0, 0, 0, 0, 0, 0, 0, 0, 343]
('产品', '的'), [0, 0, 0, 0, 0, 0, 0, 0, 0, 0, 90]
('稳定', '的'), [0, 0, 0, 0, 0, 0, 0, 0, 0, 0, 68]
('结构', '的'), [0, 0, 0, 0, 0, 0, 0, 0, 0, 0, 58]
('先进', '的'), [0, 0, 0, 0, 0, 0, 0, 0, 0, 0, 51]
('中', '美'), [0, 0, 0, 0, 0, 0, 0, 0, 0, 0, 95]
('高', '的'), [0, 0, 0, 0, 0, 0, 0, 0, 0, 0, 109]
('将', '继续'), [0, 0, 0, 0, 0, 0, 0, 0, 0, 0, 52]
('情况', '下'), [0, 0, 0, 0, 0, 0, 0, 0, 0, 0, 96]
('后', '的'), [0, 0, 0, 0, 0, 0, 0, 0, 0, 0, 88]
('将', '在'), [0, 0, 0, 0, 0, 0, 0, 0, 0, 0, 88]
('就', '有'), [0, 0, 0, 0, 0, 0, 0, 0, 0, 0, 85]
('成', '了'), [0, 0, 0, 0, 0, 0, 0, 0, 0, 0, 135]
('的', '发展'), [0, 0, 0, 0, 0, 0, 0, 0, 0, 0, 441]
('交通', '事故'), [0, 0, 0, 0, 0, 0, 0, 0, 0, 0, 51]
('人', '的'), [0, 0, 0, 0, 0, 0, 0, 0, 0, 0, 194]
('五', '年'), [0, 0, 0, 0, 0, 0, 0, 0, 0, 0, 65]
('美国', '的'), [0, 0, 0, 0, 0, 0, 0, 0, 0, 0, 86]
('邓', '小平'), [0, 0, 0, 0, 0, 0, 0, 0, 0, 0, 118]
('图', '为'), [0, 0, 0, 0, 0, 0, 0, 0, 0, 0, 133]
('第一', '个'), [0, 0, 0, 0, 0, 0, 0, 0, 0, 0, 64]
('发展', '的'), [0, 0, 0, 0, 0, 0, 0, 0, 0, 0, 407]
('又', '一'), [0, 0, 0, 0, 0, 0, 0, 0, 0, 0, 60]
('的', '各项'), [0, 0, 0, 0, 0, 0, 0, 0, 0, 0, 77]
('美元', '的'), [0, 0, 0, 0, 0, 0, 0, 0, 0, 0, 83]
('记者', '王'), [0, 0, 0, 0, 0, 0, 0, 0, 0, 0, 109]
('活动', '的'), [0, 0, 0, 0, 0, 0, 0, 0, 0, 0, 89]
('党风', '廉政'), [0, 0, 0, 0, 0, 0, 0, 0, 0, 0, 64]
('的', '大'), [0, 0, 0, 0, 0, 0, 0, 0, 0, 0, 90]
('健康', '发展'), [0, 0, 0, 0, 0, 0, 0, 0, 0, 0, 72]
('前', '的'), [0, 0, 0, 0, 0, 0, 0, 0, 0, 0, 57]
('的', '十五大'), [0, 0, 0, 0, 0, 0, 0, 0, 0, 0, 150]
('的', '重要'), [0, 0, 0, 0, 0, 0, 0, 0, 0, 0, 255]
('而', '不'), [0, 0, 0, 0, 0, 0, 0, 0, 0, 0, 77]
('李', '岚清'), [0, 0, 0, 0, 0, 0, 0, 0, 0, 0, 94]
('的', '关系'), [0, 0, 0, 0, 0, 0, 0, 0, 0, 0, 126]
('他', '表示'), [0, 0, 0, 0, 0, 0, 0, 0, 0, 0, 51]
('二', '是'), [0, 0, 0, 0, 0, 0, 0, 0, 0, 0, 114]
('很', '难'), [0, 0, 0, 0, 0, 0, 0, 0, 0, 0, 54]
('要', '加强'), [0, 0, 0, 0, 0, 0, 0, 0, 0, 0, 62]
('是', '世界'), [0, 0, 0, 0, 0, 0, 0, 0, 0, 0, 52]
('的', '方针'), [0, 0, 0, 0, 0, 0, 0, 0, 0, 0, 74]
('了', '中国'), [0, 0, 0, 0, 0, 0, 0, 0, 0, 0, 62]
('谈', '到'), [0, 0, 0, 0, 0, 0, 0, 0, 0, 0, 80]
('的', '同时'), [0, 0, 0, 0, 0, 0, 0, 0, 0, 0, 155]
('是', '在'), [0, 0, 0, 0, 0, 0, 0, 0, 0, 0, 237]
('才', '能'), [0, 0, 0, 0, 0, 0, 0, 0, 0, 0, 148]
('最', '大'), [0, 0, 0, 0, 0, 0, 0, 0, 0, 0, 233]
('不', '了'), [0, 0, 0, 0, 0, 0, 0, 0, 0, 0, 53]
('人们', '的'), [0, 0, 0, 0, 0, 0, 0, 0, 0, 0, 71]
('过去', '的'), [0, 0, 0, 0, 0, 0, 0, 0, 0, 0, 80]
('已', '成为'), [0, 0, 0, 0, 0, 0, 0, 0, 0, 0, 64]
('的', '办法'), [0, 0, 0, 0, 0, 0, 0, 0, 0, 0, 52]
('的', '任务'), [0, 0, 0, 0, 0, 0, 0, 0, 0, 0, 61]
('问题', '的'), [0, 0, 0, 0, 0, 0, 0, 0, 0, 0, 131]
('发展', '战略'), [0, 0, 0, 0, 0, 0, 0, 0, 0, 0, 56]
('和', '农村'), [0, 0, 0, 0, 0, 0, 0, 0, 0, 0, 53]
('的', '条件'), [0, 0, 0, 0, 0, 0, 0, 0, 0, 0, 52]
('在', '一起'), [0, 0, 0, 0, 0, 0, 0, 0, 0, 0, 65]
('１０', '年'), [0, 0, 0, 0, 0, 0, 0, 0, 0, 0, 51]
('据', '了解'), [0, 0, 0, 0, 0, 0, 0, 0, 0, 0, 55]
('地区', '的'), [0, 0, 0, 0, 0, 0, 0, 0, 0, 0, 175]
('建设', '有'), [0, 0, 0, 0, 0, 0, 0, 0, 0, 0, 76]
('国有', '资产'), [0, 0, 0, 0, 0, 0, 0, 0, 0, 0, 54]
('出', '了'), [0, 0, 0, 0, 0, 0, 0, 0, 0, 0, 121]
('１', '美元'), [0, 0, 0, 0, 0, 0, 0, 0, 0, 0, 61]
('的', '地位'), [0, 0, 0, 0, 0, 0, 0, 0, 0, 0, 61]
('事业', '的'), [0, 0, 0, 0, 0, 0, 0, 0, 0, 0, 89]
('三', '是'), [0, 0, 0, 0, 0, 0, 0, 0, 0, 0, 78]
('这', '两'), [0, 0, 0, 0, 0, 0, 0, 0, 0, 0, 80]
('不', '可能'), [0, 0, 0, 0, 0, 0, 0, 0, 0, 0, 57]
('上', '的'), [0, 0, 0, 0, 0, 0, 0, 0, 0, 0, 297]
('精神', '的'), [0, 0, 0, 0, 0, 0, 0, 0, 0, 0, 53]
('一', '份'), [0, 0, 0, 0, 0, 0, 0, 0, 0, 0, 81]
('[中国', '人民'), [0, 0, 0, 0, 0, 0, 0, 0, 0, 0, 91]
('社会', '发展'), [0, 0, 0, 0, 0, 0, 0, 0, 0, 0, 59]
('经济', '建设'), [0, 0, 0, 0, 0, 0, 0, 0, 0, 0, 89]
('附', '图片'), [0, 0, 0, 0, 0, 0, 0, 0, 0, 0, 238]
('一', '支'), [0, 0, 0, 0, 0, 0, 0, 0, 0, 0, 57]
('困难', '企业'), [0, 0, 0, 0, 0, 0, 0, 0, 0, 0, 53]
('党', '的'), [0, 0, 0, 0, 0, 0, 0, 0, 0, 0, 419]
('全', '社会'), [0, 0, 0, 0, 0, 0, 0, 0, 0, 0, 58]
('一', '位'), [0, 0, 0, 0, 0, 0, 0, 0, 0, 0, 259]
('核心', '的'), [0, 0, 0, 0, 0, 0, 0, 0, 0, 0, 57]
('下岗', '职工'), [0, 0, 0, 0, 0, 0, 0, 0, 0, 0, 141]
('本报', '北京'), [0, 0, 0, 0, 0, 0, 0, 0, 0, 0, 212]
('工作', '的'), [0, 0, 0, 0, 0, 0, 0, 0, 0, 0, 273]
('起', '了'), [0, 0, 0, 0, 0, 0, 0, 0, 0, 0, 110]
('国有', '企业'), [0, 0, 0, 0, 0, 0, 0, 0, 0, 0, 163]
('的', '工作'), [0, 0, 0, 0, 0, 0, 0, 0, 0, 0, 222]
('多', '的'), [0, 0, 0, 0, 0, 0, 0, 0, 0, 0, 189]
('大', '批'), [0, 0, 0, 0, 0, 0, 0, 0, 0, 0, 51]
('两', '个'), [0, 0, 0, 0, 0, 0, 0, 0, 0, 0, 259]
('同志', '为'), [0, 0, 0, 0, 0, 0, 0, 0, 0, 0, 60]
('讯', '记者'), [0, 0, 0, 0, 0, 0, 0, 0, 0, 0, 199]
('记者', '刘'), [0, 0, 0, 0, 0, 0, 0, 0, 0, 0, 93]
('的', '中国'), [0, 0, 0, 0, 0, 0, 0, 0, 0, 0, 114]
('１月', '１０日'), [0, 0, 0, 0, 0, 0, 0, 0, 0, 0, 58]
('国', '关系'), [0, 0, 0, 0, 0, 0, 0, 0, 0, 0, 64]
('反', '腐败'), [0, 0, 0, 0, 0, 0, 0, 0, 0, 0, 108]
('的', '新'), [0, 0, 0, 0, 0, 0, 0, 0, 0, 0, 264]
('经济', '增长'), [0, 0, 0, 0, 0, 0, 0, 0, 0, 0, 111]
('我们', '的'), [0, 0, 0, 0, 0, 0, 0, 0, 0, 0, 163]
('一', '大'), [0, 0, 0, 0, 0, 0, 0, 0, 0, 0, 105]
('了', '一个'), [0, 0, 0, 0, 0, 0, 0, 0, 0, 0, 103]
('新', '的'), [0, 0, 0, 0, 0, 0, 0, 0, 0, 0, 597]
('都', '有'), [0, 0, 0, 0, 0, 0, 0, 0, 0, 0, 104]
('第一', '次'), [0, 0, 0, 0, 0, 0, 0, 0, 0, 0, 130]
('合作', '关系'), [0, 0, 0, 0, 0, 0, 0, 0, 0, 0, 83]
('的', '时间'), [0, 0, 0, 0, 0, 0, 0, 0, 0, 0, 97]
('在', '国际'), [0, 0, 0, 0, 0, 0, 0, 0, 0, 0, 67]
('经营', '的'), [0, 0, 0, 0, 0, 0, 0, 0, 0, 0, 52]
('的', '小'), [0, 0, 0, 0, 0, 0, 0, 0, 0, 0, 73]
('副', '主席'), [0, 0, 0, 0, 0, 0, 0, 0, 0, 0, 136]
('[中央', '电视台'), [0, 0, 0, 0, 0, 0, 0, 0, 0, 0, 61]
('服务', '的'), [0, 0, 0, 0, 0, 0, 0, 0, 0, 0, 71]
('和平', '进程'), [0, 0, 0, 0, 0, 0, 0, 0, 0, 0, 73]
('商业', '银行'), [0, 0, 0, 0, 0, 0, 0, 0, 0, 0, 58]
('国务院', '副'), [0, 0, 0, 0, 0, 0, 0, 0, 0, 0, 87]
('以上', '的'), [0, 0, 0, 0, 0, 0, 0, 0, 0, 0, 60]
('召开', '的'), [0, 0, 0, 0, 0, 0, 0, 0, 0, 0, 55]
('和', '地区'), [0, 0, 0, 0, 0, 0, 0, 0, 0, 0, 51]
('多', '年'), [0, 0, 0, 0, 0, 0, 0, 0, 0, 0, 115]
('的', '精神'), [0, 0, 0, 0, 0, 0, 0, 0, 0, 0, 143]
('１月', '１４日'), [0, 0, 0, 0, 0, 0, 0, 0, 0, 0, 77]
('了', '这'), [0, 0, 0, 0, 0, 0, 0, 0, 0, 0, 81]
('１月', '５日'), [0, 0, 0, 0, 0, 0, 0, 0, 0, 0, 65]
('次', '会议'), [0, 0, 0, 0, 0, 0, 0, 0, 0, 0, 85]
('人民', '群众'), [0, 0, 0, 0, 0, 0, 0, 0, 0, 0, 104]
('经济', '发展'), [0, 0, 0, 0, 0, 0, 0, 0, 0, 0, 210]
('不', '到'), [0, 0, 0, 0, 0, 0, 0, 0, 0, 0, 93]
('在', '这里'), [0, 0, 0, 0, 0, 0, 0, 0, 0, 0, 136]
('在', '世界'), [0, 0, 0, 0, 0, 0, 0, 0, 0, 0, 53]
('一', '件'), [0, 0, 0, 0, 0, 0, 0, 0, 0, 0, 74]
('的', '生活'), [0, 0, 0, 0, 0, 0, 0, 0, 0, 0, 109]
('的', '伟大'), [0, 0, 0, 0, 0, 0, 0, 0, 0, 0, 67]
('的', '能力'), [0, 0, 0, 0, 0, 0, 0, 0, 0, 0, 54]
('不同', '的'), [0, 0, 0, 0, 0, 0, 0, 0, 0, 0, 75]
('的', '信息'), [0, 0, 0, 0, 0, 0, 0, 0, 0, 0, 52]
('开展', '了'), [0, 0, 0, 0, 0, 0, 0, 0, 0, 0, 51]
('一', '是'), [0, 0, 0, 0, 0, 0, 0, 0, 0, 0, 120]
('特色', '社会主义'), [0, 0, 0, 0, 0, 0, 0, 0, 0, 0, 74]
('的', '努力'), [0, 0, 0, 0, 0, 0, 0, 0, 0, 0, 78]
('生活', '的'), [0, 0, 0, 0, 0, 0, 0, 0, 0, 0, 57]
('一', '部'), [0, 0, 0, 0, 0, 0, 0, 0, 0, 0, 59]
('的', '一些'), [0, 0, 0, 0, 0, 0, 0, 0, 0, 0, 86]
('部门', '的'), [0, 0, 0, 0, 0, 0, 0, 0, 0, 0, 93]
('的', '一个'), [0, 0, 0, 0, 0, 0, 0, 0, 0, 0, 161]
('有', '中国'), [0, 0, 0, 0, 0, 0, 0, 0, 0, 0, 99]
('管理', '体制'), [0, 0, 0, 0, 0, 0, 0, 0, 0, 0, 65]
('的', '建设'), [0, 0, 0, 0, 0, 0, 0, 0, 0, 0, 80]
('时', '说'), [0, 0, 0, 0, 0, 0, 0, 0, 0, 0, 51]
('的', '行为'), [0, 0, 0, 0, 0, 0, 0, 0, 0, 0, 58]
('泽民', '主席'), [0, 0, 0, 0, 0, 0, 0, 0, 0, 0, 57]
('对', '中国'), [0, 0, 0, 0, 0, 0, 0, 0, 0, 0, 75]
('比', '上年'), [0, 0, 0, 0, 0, 0, 0, 0, 0, 0, 74]
('的', '力量'), [0, 0, 0, 0, 0, 0, 0, 0, 0, 0, 53]
('出席', '了'), [0, 0, 0, 0, 0, 0, 0, 0, 0, 0, 58]
('好', '的'), [0, 0, 0, 0, 0, 0, 0, 0, 0, 0, 200]
('科技', '进步'), [0, 0, 0, 0, 0, 0, 0, 0, 0, 0, 51]
('最', '多'), [0, 0, 0, 0, 0, 0, 0, 0, 0, 0, 52]
('金融', '危机'), [0, 0, 0, 0, 0, 0, 0, 0, 0, 0, 150]
('是', '个'), [0, 0, 0, 0, 0, 0, 0, 0, 0, 0, 57]
('友好', '合作'), [0, 0, 0, 0, 0, 0, 0, 0, 0, 0, 72]
('一', '条'), [0, 0, 0, 0, 0, 0, 0, 0, 0, 0, 165]
('新', '问题'), [0, 0, 0, 0, 0, 0, 0, 0, 0, 0, 52]
('[人民', '检察院'), [0, 0, 0, 0, 0, 0, 0, 0, 0, 0, 80]
('一定', '要'), [0, 0, 0, 0, 0, 0, 0, 0, 0, 0, 71]
('多', '家'), [0, 0, 0, 0, 0, 0, 0, 0, 0, 0, 55]
('已', '有'), [0, 0, 0, 0, 0, 0, 0, 0, 0, 0, 110]
('的', '基本'), [0, 0, 0, 0, 0, 0, 0, 0, 0, 0, 136]
('的', '支持'), [0, 0, 0, 0, 0, 0, 0, 0, 0, 0, 65]
('贫困', '地区'), [0, 0, 0, 0, 0, 0, 0, 0, 0, 0, 70]
('１月', '１１日'), [0, 0, 0, 0, 0, 0, 0, 0, 0, 0, 51]
('是', '要'), [0, 0, 0, 0, 0, 0, 0, 0, 0, 0, 75]
('一', '名'), [0, 0, 0, 0, 0, 0, 0, 0, 0, 0, 80]
('里', '的'), [0, 0, 0, 0, 0, 0, 0, 0, 0, 0, 55]
('世界', '的'), [0, 0, 0, 0, 0, 0, 0, 0, 0, 0, 64]
('得到', '了'), [0, 0, 0, 0, 0, 0, 0, 0, 0, 0, 64]
('主要', '是'), [0, 0, 0, 0, 0, 0, 0, 0, 0, 0, 73]
('两', '年'), [0, 0, 0, 0, 0, 0, 0, 0, 0, 0, 128]
('的', '重点'), [0, 0, 0, 0, 0, 0, 0, 0, 0, 0, 64]
('有', '一'), [0, 0, 0, 0, 0, 0, 0, 0, 0, 0, 145]
('首', '次'), [0, 0, 0, 0, 0, 0, 0, 0, 0, 0, 97]
('领域', '的'), [0, 0, 0, 0, 0, 0, 0, 0, 0, 0, 83]
('在', '全国'), [0, 0, 0, 0, 0, 0, 0, 0, 0, 0, 105]
('近', '几'), [0, 0, 0, 0, 0, 0, 0, 0, 0, 0, 73]
('副', '部长'), [0, 0, 0, 0, 0, 0, 0, 0, 0, 0, 76]
('的', '政策'), [0, 0, 0, 0, 0, 0, 0, 0, 0, 0, 89]
('在', '新'), [0, 0, 0, 0, 0, 0, 0, 0, 0, 0, 112]
('的', '原因'), [0, 0, 0, 0, 0, 0, 0, 0, 0, 0, 64]
('宏观', '调控'), [0, 0, 0, 0, 0, 0, 0, 0, 0, 0, 64]
('等', '方面'), [0, 0, 0, 0, 0, 0, 0, 0, 0, 0, 119]
('生活', '中'), [0, 0, 0, 0, 0, 0, 0, 0, 0, 0, 53]
('市委', '市政府'), [0, 0, 0, 0, 0, 0, 0, 0, 0, 0, 54]
('内', '的'), [0, 0, 0, 0, 0, 0, 0, 0, 0, 0, 60]
('工程', '的'), [0, 0, 0, 0, 0, 0, 0, 0, 0, 0, 53]
('生产', '的'), [0, 0, 0, 0, 0, 0, 0, 0, 0, 0, 78]
('问题', '上'), [0, 0, 0, 0, 0, 0, 0, 0, 0, 0, 89]
('[全国', '政协'), [0, 0, 0, 0, 0, 0, 0, 0, 0, 0, 130]
('文化', '的'), [0, 0, 0, 0, 0, 0, 0, 0, 0, 0, 75]
('举行', '的'), [0, 0, 0, 0, 0, 0, 0, 0, 0, 0, 146]
('农民', '的'), [0, 0, 0, 0, 0, 0, 0, 0, 0, 0, 53]
('说', '我'), [0, 0, 0, 0, 0, 0, 0, 0, 0, 0, 53]
('就', '是'), [0, 0, 0, 0, 0, 0, 0, 0, 0, 0, 393]
('组织', '的'), [0, 0, 0, 0, 0, 0, 0, 0, 0, 0, 64]
('第八', '届'), [0, 0, 0, 0, 0, 0, 0, 0, 0, 0, 61]
('十五大', '精神'), [0, 0, 0, 0, 0, 0, 0, 0, 0, 0, 139]
('说', '这'), [0, 0, 0, 0, 0, 0, 0, 0, 0, 0, 66]
('也', '要'), [0, 0, 0, 0, 0, 0, 0, 0, 0, 0, 82]
('元', '的'), [0, 0, 0, 0, 0, 0, 0, 0, 0, 0, 89]
('图片', '１'), [0, 0, 0, 0, 0, 0, 0, 0, 0, 0, 175]
('还', '在'), [0, 0, 0, 0, 0, 0, 0, 0, 0, 0, 53]
('的', '重大'), [0, 0, 0, 0, 0, 0, 0, 0, 0, 0, 59]
('的', '根本'), [0, 0, 0, 0, 0, 0, 0, 0, 0, 0, 70]
('１月', '８日'), [0, 0, 0, 0, 0, 0, 0, 0, 0, 0, 73]
('伟大', '旗帜'), [0, 0, 0, 0, 0, 0, 0, 0, 0, 0, 68]
('廉政', '建设'), [0, 0, 0, 0, 0, 0, 0, 0, 0, 0, 76]
('产业', '的'), [0, 0, 0, 0, 0, 0, 0, 0, 0, 0, 69]
('的', '原则'), [0, 0, 0, 0, 0, 0, 0, 0, 0, 0, 79]
('政府', '的'), [0, 0, 0, 0, 0, 0, 0, 0, 0, 0, 96]
('１月', '２２日'), [0, 0, 0, 0, 0, 0, 0, 0, 0, 0, 72]
('会见', '了'), [0, 0, 0, 0, 0, 0, 0, 0, 0, 0, 79]
('中', '有'), [0, 0, 0, 0, 0, 0, 0, 0, 0, 0, 78]
('更', '好'), [0, 0, 0, 0, 0, 0, 0, 0, 0, 0, 109]
('３', '年'), [0, 0, 0, 0, 0, 0, 0, 0, 0, 0, 98]
('为', '此'), [0, 0, 0, 0, 0, 0, 0, 0, 0, 0, 96]
('经济', '工作'), [0, 0, 0, 0, 0, 0, 0, 0, 0, 0, 71]
('据', '新华社'), [0, 0, 0, 0, 0, 0, 0, 0, 0, 0, 330]
('５', '年'), [0, 0, 0, 0, 0, 0, 0, 0, 0, 0, 82]
('跨', '世纪'), [0, 0, 0, 0, 0, 0, 0, 0, 0, 0, 69]
('的', '主要'), [0, 0, 0, 0, 0, 0, 0, 0, 0, 0, 161]
('会议', '上'), [0, 0, 0, 0, 0, 0, 0, 0, 0, 0, 96]
('一', '次'), [0, 0, 0, 0, 0, 0, 0, 0, 0, 0, 246]
('基础', '设施'), [0, 0, 0, 0, 0, 0, 0, 0, 0, 0, 52]
('的', '社会主义'), [0, 0, 0, 0, 0, 0, 0, 0, 0, 0, 72]
('尤其', '是'), [0, 0, 0, 0, 0, 0, 0, 0, 0, 0, 92]
('令', '人'), [0, 0, 0, 0, 0, 0, 0, 0, 0, 0, 95]
('党中央', '国务院'), [0, 0, 0, 0, 0, 0, 0, 0, 0, 0, 64]
('相', '结合'), [0, 0, 0, 0, 0, 0, 0, 0, 0, 0, 80]
('的', '理论'), [0, 0, 0, 0, 0, 0, 0, 0, 0, 0, 59]
('武器', '核查'), [0, 0, 0, 0, 0, 0, 0, 0, 0, 0, 65]
('之间', '的'), [0, 0, 0, 0, 0, 0, 0, 0, 0, 0, 101]
('的', '国际'), [0, 0, 0, 0, 0, 0, 0, 0, 0, 0, 84]
('将', '有'), [0, 0, 0, 0, 0, 0, 0, 0, 0, 0, 57]
('各', '方面'), [0, 0, 0, 0, 0, 0, 0, 0, 0, 0, 53]
('２１', '世纪'), [0, 0, 0, 0, 0, 0, 0, 0, 0, 0, 95]
('的', '共同'), [0, 0, 0, 0, 0, 0, 0, 0, 0, 0, 54]
('国际', '市场'), [0, 0, 0, 0, 0, 0, 0, 0, 0, 0, 59]
('三', '年'), [0, 0, 0, 0, 0, 0, 0, 0, 0, 0, 52]
('的', '好'), [0, 0, 0, 0, 0, 0, 0, 0, 0, 0, 65]
('在', '北京'), [0, 0, 0, 0, 0, 0, 0, 0, 0, 0, 119]
('副', '总理'), [0, 0, 0, 0, 0, 0, 0, 0, 0, 0, 137]
('今天', '上午'), [0, 0, 0, 0, 0, 0, 0, 0, 0, 0, 56]
('在', '中国'), [0, 0, 0, 0, 0, 0, 0, 0, 0, 0, 72]
('送', '到'), [0, 0, 0, 0, 0, 0, 0, 0, 0, 0, 56]
('方面', '的'), [0, 0, 0, 0, 0, 0, 0, 0, 0, 0, 199]
('的', '是'), [0, 0, 0, 0, 0, 0, 0, 0, 0, 0, 364]
('重要', '的'), [0, 0, 0, 0, 0, 0, 0, 0, 0, 0, 197]
('是', '我们'), [0, 0, 0, 0, 0, 0, 0, 0, 0, 0, 97]
('的', '金融'), [0, 0, 0, 0, 0, 0, 0, 0, 0, 0, 72]
('已', '达'), [0, 0, 0, 0, 0, 0, 0, 0, 0, 0, 57]
('一', '片'), [0, 0, 0, 0, 0, 0, 0, 0, 0, 0, 75]
('出现', '了'), [0, 0, 0, 0, 0, 0, 0, 0, 0, 0, 91]
('社会', '的'), [0, 0, 0, 0, 0, 0, 0, 0, 0, 0, 98]
('香港', '回归'), [0, 0, 0, 0, 0, 0, 0, 0, 0, 0, 60]
('体现', '了'), [0, 0, 0, 0, 0, 0, 0, 0, 0, 0, 56]
('要', '有'), [0, 0, 0, 0, 0, 0, 0, 0, 0, 0, 64]
('的', '过程'), [0, 0, 0, 0, 0, 0, 0, 0, 0, 0, 68]
('上', '说'), [0, 0, 0, 0, 0, 0, 0, 0, 0, 0, 51]
('１月', '１３日'), [0, 0, 0, 0, 0, 0, 0, 0, 0, 0, 81]
('政府', '和'), [0, 0, 0, 0, 0, 0, 0, 0, 0, 0, 68]
('等', '问题'), [0, 0, 0, 0, 0, 0, 0, 0, 0, 0, 57]
('１月', '２１日'), [0, 0, 0, 0, 0, 0, 0, 0, 0, 0, 74]
('历史', '的'), [0, 0, 0, 0, 0, 0, 0, 0, 0, 0, 57]
('的', '友好'), [0, 0, 0, 0, 0, 0, 0, 0, 0, 0, 68]
('的', '不'), [0, 0, 0, 0, 0, 0, 0, 0, 0, 0, 57]
('实现', '了'), [0, 0, 0, 0, 0, 0, 0, 0, 0, 0, 77]
('年', '多'), [0, 0, 0, 0, 0, 0, 0, 0, 0, 0, 62]
('公安', '机关'), [0, 0, 0, 0, 0, 0, 0, 0, 0, 0, 72]
('条件', '下'), [0, 0, 0, 0, 0, 0, 0, 0, 0, 0, 55]
('工作', '中'), [0, 0, 0, 0, 0, 0, 0, 0, 0, 0, 74]
('困难', '职工'), [0, 0, 0, 0, 0, 0, 0, 0, 0, 0, 69]
('区域', '自治'), [0, 0, 0, 0, 0, 0, 0, 0, 0, 0, 53]
('民族', '区域'), [0, 0, 0, 0, 0, 0, 0, 0, 0, 0, 55]
('今天', '下午'), [0, 0, 0, 0, 0, 0, 0, 0, 0, 0, 58]
('过程', '中'), [0, 0, 0, 0, 0, 0, 0, 0, 0, 0, 127]
('等', '地'), [0, 0, 0, 0, 0, 0, 0, 0, 0, 0, 61]
('结构', '调整'), [0, 0, 0, 0, 0, 0, 0, 0, 0, 0, 104]
('比赛', '中'), [0, 0, 0, 0, 0, 0, 0, 0, 0, 0, 52]
('的', '时候'), [0, 0, 0, 0, 0, 0, 0, 0, 0, 0, 94]
('提供', '的'), [0, 0, 0, 0, 0, 0, 0, 0, 0, 0, 53]
('的', '关键'), [0, 0, 0, 0, 0, 0, 0, 0, 0, 0, 67]
('是', '一个'), [0, 0, 0, 0, 0, 0, 0, 0, 0, 0, 179]
('了', '很'), [0, 0, 0, 0, 0, 0, 0, 0, 0, 0, 78]
('参加', '了'), [0, 0, 0, 0, 0, 0, 0, 0, 0, 0, 123]
('现代化', '建设'), [0, 0, 0, 0, 0, 0, 0, 0, 0, 0, 95]
('同志', '在'), [0, 0, 0, 0, 0, 0, 0, 0, 0, 0, 59]
('更', '多'), [0, 0, 0, 0, 0, 0, 0, 0, 0, 0, 140]
('是', '中国'), [0, 0, 0, 0, 0, 0, 0, 0, 0, 0, 78]
('的', '两'), [0, 0, 0, 0, 0, 0, 0, 0, 0, 0, 81]
('在', '我国'), [0, 0, 0, 0, 0, 0, 0, 0, 0, 0, 74]
('是', '不'), [0, 0, 0, 0, 0, 0, 0, 0, 0, 0, 58]
('１月', '６日'), [0, 0, 0, 0, 0, 0, 0, 0, 0, 0, 72]
('据', '介绍'), [0, 0, 0, 0, 0, 0, 0, 0, 0, 0, 51]
('领导', '干部'), [0, 0, 0, 0, 0, 0, 0, 0, 0, 0, 205]
('进一步', '加强'), [0, 0, 0, 0, 0, 0, 0, 0, 0, 0, 59]
('的', '经济'), [0, 0, 0, 0, 0, 0, 0, 0, 0, 0, 220]
('将', '于'), [0, 0, 0, 0, 0, 0, 0, 0, 0, 0, 85]
('以', '江'), [0, 0, 0, 0, 0, 0, 0, 0, 0, 0, 53]
('提出', '的'), [0, 0, 0, 0, 0, 0, 0, 0, 0, 0, 107]
('两', '次'), [0, 0, 0, 0, 0, 0, 0, 0, 0, 0, 62]
('了', '一些'), [0, 0, 0, 0, 0, 0, 0, 0, 0, 0, 55]
('管理', '的'), [0, 0, 0, 0, 0, 0, 0, 0, 0, 0, 60]
('了', '他'), [0, 0, 0, 0, 0, 0, 0, 0, 0, 0, 58]
('多', '名'), [0, 0, 0, 0, 0, 0, 0, 0, 0, 0, 122]
('李', '鹏'), [0, 0, 0, 0, 0, 0, 0, 0, 0, 0, 163]
('一', '家'), [0, 0, 0, 0, 0, 0, 0, 0, 0, 0, 110]
('历史', '上'), [0, 0, 0, 0, 0, 0, 0, 0, 0, 0, 58]
('国', '的'), [0, 0, 0, 0, 0, 0, 0, 0, 0, 0, 54]
('钱', '其琛'), [0, 0, 0, 0, 0, 0, 0, 0, 0, 0, 192]
('取得', '的'), [0, 0, 0, 0, 0, 0, 0, 0, 0, 0, 74]
('并', '在'), [0, 0, 0, 0, 0, 0, 0, 0, 0, 0, 51]
('产业', '结构'), [0, 0, 0, 0, 0, 0, 0, 0, 0, 0, 63]
('大', '的'), [0, 0, 0, 0, 0, 0, 0, 0, 0, 0, 340]
('岁', '的'), [0, 0, 0, 0, 0, 0, 0, 0, 0, 0, 126]
('１９日', '电'), [0, 0, 0, 0, 0, 0, 0, 0, 0, 0, 55]
('国家', '和'), [0, 0, 0, 0, 0, 0, 0, 0, 0, 0, 75]
('的', '有'), [0, 0, 0, 0, 0, 0, 0, 0, 0, 0, 61]
('的', '同志'), [0, 0, 0, 0, 0, 0, 0, 0, 0, 0, 57]
('党', '和'), [0, 0, 0, 0, 0, 0, 0, 0, 0, 0, 118]
('的', '历史'), [0, 0, 0, 0, 0, 0, 0, 0, 0, 0, 179]
('面临', '的'), [0, 0, 0, 0, 0, 0, 0, 0, 0, 0, 56]
('副', '主任'), [0, 0, 0, 0, 0, 0, 0, 0, 0, 0, 97]
('正', '在'), [0, 0, 0, 0, 0, 0, 0, 0, 0, 0, 61]
('教育', '的'), [0, 0, 0, 0, 0, 0, 0, 0, 0, 0, 53]
('３', '个'), [0, 0, 0, 0, 0, 0, 0, 0, 0, 0, 61]
('高度', '重视'), [0, 0, 0, 0, 0, 0, 0, 0, 0, 0, 63]
('５', '个'), [0, 0, 0, 0, 0, 0, 0, 0, 0, 0, 52]
('在', '京'), [0, 0, 0, 0, 0, 0, 0, 0, 0, 0, 111]
('１月', '１６日'), [0, 0, 0, 0, 0, 0, 0, 0, 0, 0, 52]
('完成', '了'), [0, 0, 0, 0, 0, 0, 0, 0, 0, 0, 52]
('的', '研究'), [0, 0, 0, 0, 0, 0, 0, 0, 0, 0, 68]
('多', '个'), [0, 0, 0, 0, 0, 0, 0, 0, 0, 0, 151]
('有效', '地'), [0, 0, 0, 0, 0, 0, 0, 0, 0, 0, 54]
('社会主义', '市场经济'), [0, 0, 0, 0, 0, 0, 0, 0, 0, 0, 108]
('经济', '的'), [0, 0, 0, 0, 0, 0, 0, 0, 0, 0, 182]
('走', '进'), [0, 0, 0, 0, 0, 0, 0, 0, 0, 0, 70]
('开放', '和'), [0, 0, 0, 0, 0, 0, 0, 0, 0, 0, 63]
('了', '我'), [0, 0, 0, 0, 0, 0, 0, 0, 0, 0, 55]
('提高', '了'), [0, 0, 0, 0, 0, 0, 0, 0, 0, 0, 51]
('说', '我们'), [0, 0, 0, 0, 0, 0, 0, 0, 0, 0, 56]
('精神文明', '建设'), [0, 0, 0, 0, 0, 0, 0, 0, 0, 0, 119]
('改革', '的'), [0, 0, 0, 0, 0, 0, 0, 0, 0, 0, 119]
('的', '一'), [0, 0, 0, 0, 0, 0, 0, 0, 0, 0, 684]
('中东', '和平'), [0, 0, 0, 0, 0, 0, 0, 0, 0, 0, 56]
('的', '作品'), [0, 0, 0, 0, 0, 0, 0, 0, 0, 0, 60]
('的', '战略'), [0, 0, 0, 0, 0, 0, 0, 0, 0, 0, 82]
('的', '人'), [0, 0, 0, 0, 0, 0, 0, 0, 0, 0, 199]
('腐败', '斗争'), [0, 0, 0, 0, 0, 0, 0, 0, 0, 0, 57]
('周', '恩来'), [0, 0, 0, 0, 0, 0, 0, 0, 0, 0, 163]
('中', '的'), [0, 0, 0, 0, 0, 0, 0, 0, 0, 0, 371]
('毛', '泽东'), [0, 0, 0, 0, 0, 0, 0, 0, 0, 0, 66]
('他们', '的'), [0, 0, 0, 0, 0, 0, 0, 0, 0, 0, 137]
('的', '思想'), [0, 0, 0, 0, 0, 0, 0, 0, 0, 0, 107]
('了', '许多'), [0, 0, 0, 0, 0, 0, 0, 0, 0, 0, 70]
('的', '影响'), [0, 0, 0, 0, 0, 0, 0, 0, 0, 0, 106]
('都', '要'), [0, 0, 0, 0, 0, 0, 0, 0, 0, 0, 93]
('的', '第一'), [0, 0, 0, 0, 0, 0, 0, 0, 0, 0, 126]
('的', '成绩'), [0, 0, 0, 0, 0, 0, 0, 0, 0, 0, 66]
('提供', '了'), [0, 0, 0, 0, 0, 0, 0, 0, 0, 0, 114]
('是', '由'), [0, 0, 0, 0, 0, 0, 0, 0, 0, 0, 68]
('的', '技术'), [0, 0, 0, 0, 0, 0, 0, 0, 0, 0, 60]
('好', '地'), [0, 0, 0, 0, 0, 0, 0, 0, 0, 0, 83]
('也', '不'), [0, 0, 0, 0, 0, 0, 0, 0, 0, 0, 121]
('特别', '是'), [0, 0, 0, 0, 0, 0, 0, 0, 0, 0, 232]
('北京', '１月'), [0, 0, 0, 0, 0, 0, 0, 0, 0, 0, 399]
('年', '的'), [0, 0, 0, 0, 0, 0, 0, 0, 0, 0, 229]
('不', '是'), [0, 0, 0, 0, 0, 0, 0, 0, 0, 0, 316]
('丰富', '的'), [0, 0, 0, 0, 0, 0, 0, 0, 0, 0, 51]
('的', '事'), [0, 0, 0, 0, 0, 0, 0, 0, 0, 0, 70]
('出来', '的'), [0, 0, 0, 0, 0, 0, 0, 0, 0, 0, 59]
('的', '经验'), [0, 0, 0, 0, 0, 0, 0, 0, 0, 0, 63]
('去年', '１２月'), [0, 0, 0, 0, 0, 0, 0, 0, 0, 0, 59]
('几', '年'), [0, 0, 0, 0, 0, 0, 0, 0, 0, 0, 201]
('一', '项'), [0, 0, 0, 0, 0, 0, 0, 0, 0, 0, 172]
('年', '里'), [0, 0, 0, 0, 0, 0, 0, 0, 0, 0, 100]
('２０', '多'), [0, 0, 0, 0, 0, 0, 0, 0, 0, 0, 76]
('的', '文化'), [0, 0, 0, 0, 0, 0, 0, 0, 0, 0, 77]
('进行', '了'), [0, 0, 0, 0, 0, 0, 0, 0, 0, 0, 206]
('还', '有'), [0, 0, 0, 0, 0, 0, 0, 0, 0, 0, 52]
('三', '国'), [0, 0, 0, 0, 0, 0, 0, 0, 0, 0, 72]
('贯彻', '落实'), [0, 0, 0, 0, 0, 0, 0, 0, 0, 0, 72]
('同志', '的'), [0, 0, 0, 0, 0, 0, 0, 0, 0, 0, 56]
('个', '国家'), [0, 0, 0, 0, 0, 0, 0, 0, 0, 0, 55]
('吴', '邦国'), [0, 0, 0, 0, 0, 0, 0, 0, 0, 0, 53]
('全国', '各地'), [0, 0, 0, 0, 0, 0, 0, 0, 0, 0, 51]
('的', '规定'), [0, 0, 0, 0, 0, 0, 0, 0, 0, 0, 55]
('的', '情况'), [0, 0, 0, 0, 0, 0, 0, 0, 0, 0, 164]
('结合', '起来'), [0, 0, 0, 0, 0, 0, 0, 0, 0, 0, 69]
('今天', '在'), [0, 0, 0, 0, 0, 0, 0, 0, 0, 0, 182]
('有', '了'), [0, 0, 0, 0, 0, 0, 0, 0, 0, 0, 172]
('这', '是'), [0, 0, 0, 0, 0, 0, 0, 0, 0, 0, 456]
('对', '此'), [0, 0, 0, 0, 0, 0, 0, 0, 0, 0, 110]
('是', '一'), [0, 0, 0, 0, 0, 0, 0, 0, 0, 0, 317]
('在', '此'), [0, 0, 0, 0, 0, 0, 0, 0, 0, 0, 77]
('拿', '出'), [0, 0, 0, 0, 0, 0, 0, 0, 0, 0, 59]
('的', '最'), [0, 0, 0, 0, 0, 0, 0, 0, 0, 0, 68]
('都', '在'), [0, 0, 0, 0, 0, 0, 0, 0, 0, 0, 65]
('多', '了'), [0, 0, 0, 0, 0, 0, 0, 0, 0, 0, 69]
('让', '人'), [0, 0, 0, 0, 0, 0, 0, 0, 0, 0, 54]
('这样', '的'), [0, 0, 0, 0, 0, 0, 0, 0, 0, 0, 127]
('与', '中国'), [0, 0, 0, 0, 0, 0, 0, 0, 0, 0, 53]
('１月', '１２日'), [0, 0, 0, 0, 0, 0, 0, 0, 0, 0, 76]
('高举', '邓小平理论'), [0, 0, 0, 0, 0, 0, 0, 0, 0, 0, 70]
('他', '在'), [0, 0, 0, 0, 0, 0, 0, 0, 0, 0, 77]
('有', '一个'), [0, 0, 0, 0, 0, 0, 0, 0, 0, 0, 94]
('年', '前'), [0, 0, 0, 0, 0, 0, 0, 0, 0, 0, 95]
('它', '的'), [0, 0, 0, 0, 0, 0, 0, 0, 0, 0, 88]
('企业', '的'), [0, 0, 0, 0, 0, 0, 0, 0, 0, 0, 217]
('带', '着'), [0, 0, 0, 0, 0, 0, 0, 0, 0, 0, 51]
('工作', '人员'), [0, 0, 0, 0, 0, 0, 0, 0, 0, 0, 80]
('在', '一'), [0, 0, 0, 0, 0, 0, 0, 0, 0, 0, 63]
('很', '大'), [0, 0, 0, 0, 0, 0, 0, 0, 0, 0, 143]
('的', '作用'), [0, 0, 0, 0, 0, 0, 0, 0, 0, 0, 141]
('１', '张'), [0, 0, 0, 0, 0, 0, 0, 0, 0, 0, 175]
('一个', '重要'), [0, 0, 0, 0, 0, 0, 0, 0, 0, 0, 55]
('中国', '人民'), [0, 0, 0, 0, 0, 0, 0, 0, 0, 0, 60]
('另', '一'), [0, 0, 0, 0, 0, 0, 0, 0, 0, 0, 59]
('的', '地方'), [0, 0, 0, 0, 0, 0, 0, 0, 0, 0, 65]
('人民', '的'), [0, 0, 0, 0, 0, 0, 0, 0, 0, 0, 134]
('持续', '发展'), [0, 0, 0, 0, 0, 0, 0, 0, 0, 0, 56]
('的', '提高'), [0, 0, 0, 0, 0, 0, 0, 0, 0, 0, 62]
('农村', '经济'), [0, 0, 0, 0, 0, 0, 0, 0, 0, 0, 58]
('中国', '的'), [0, 0, 0, 0, 0, 0, 0, 0, 0, 0, 230]
('了', '重要'), [0, 0, 0, 0, 0, 0, 0, 0, 0, 0, 68]
('就', '会'), [0, 0, 0, 0, 0, 0, 0, 0, 0, 0, 93]
('和', '国家'), [0, 0, 0, 0, 0, 0, 0, 0, 0, 0, 70]
('今天', '的'), [0, 0, 0, 0, 0, 0, 0, 0, 0, 0, 53]
('三', '个'), [0, 0, 0, 0, 0, 0, 0, 0, 0, 0, 113]
('两', '国'), [0, 0, 0, 0, 0, 0, 0, 0, 0, 0, 451]
('多', '人'), [0, 0, 0, 0, 0, 0, 0, 0, 0, 0, 90]
('中国', '特色'), [0, 0, 0, 0, 0, 0, 0, 0, 0, 0, 102]
('建设', '的'), [0, 0, 0, 0, 0, 0, 0, 0, 0, 0, 224]
('很', '好'), [0, 0, 0, 0, 0, 0, 0, 0, 0, 0, 70]
('８０', '年代'), [0, 0, 0, 0, 0, 0, 0, 0, 0, 0, 65]
('到', '了'), [0, 0, 0, 0, 0, 0, 0, 0, 0, 0, 161]
('体育', '产业'), [0, 0, 0, 0, 0, 0, 0, 0, 0, 0, 60]
('干部', '的'), [0, 0, 0, 0, 0, 0, 0, 0, 0, 0, 79]
('举行', '了'), [0, 0, 0, 0, 0, 0, 0, 0, 0, 0, 52]
('主管', '部门'), [0, 0, 0, 0, 0, 0, 0, 0, 0, 0, 55]
('他', '对'), [0, 0, 0, 0, 0, 0, 0, 0, 0, 0, 67]
('小平', '同志'), [0, 0, 0, 0, 0, 0, 0, 0, 0, 0, 69]
('企业', '改革'), [0, 0, 0, 0, 0, 0, 0, 0, 0, 0, 94]
('是', '以'), [0, 0, 0, 0, 0, 0, 0, 0, 0, 0, 58]
('本报', '讯'), [0, 0, 0, 0, 0, 0, 0, 0, 0, 0, 362]
('他', '的'), [0, 0, 0, 0, 0, 0, 0, 0, 0, 0, 194]
('的', '市场'), [0, 0, 0, 0, 0, 0, 0, 0, 0, 0, 88]
('职工', '的'), [0, 0, 0, 0, 0, 0, 0, 0, 0, 0, 76]
('的', '要求'), [0, 0, 0, 0, 0, 0, 0, 0, 0, 0, 130]
('关系', '的'), [0, 0, 0, 0, 0, 0, 0, 0, 0, 0, 122]
('９０', '年代'), [0, 0, 0, 0, 0, 0, 0, 0, 0, 0, 64]
('是', '我国'), [0, 0, 0, 0, 0, 0, 0, 0, 0, 0, 70]
('站', '在'), [0, 0, 0, 0, 0, 0, 0, 0, 0, 0, 53]
('发展', '和'), [0, 0, 0, 0, 0, 0, 0, 0, 0, 0, 96]
('的', '几'), [0, 0, 0, 0, 0, 0, 0, 0, 0, 0, 53]
('我国', '的'), [0, 0, 0, 0, 0, 0, 0, 0, 0, 0, 99]
('政治局', '委员'), [0, 0, 0, 0, 0, 0, 0, 0, 0, 0, 59]
('一', '场'), [0, 0, 0, 0, 0, 0, 0, 0, 0, 0, 75]
('了', '两'), [0, 0, 0, 0, 0, 0, 0, 0, 0, 0, 68]
('电力', '设施'), [0, 0, 0, 0, 0, 0, 0, 0, 0, 0, 76]
('的', '实践'), [0, 0, 0, 0, 0, 0, 0, 0, 0, 0, 55]
('良好', '的'), [0, 0, 0, 0, 0, 0, 0, 0, 0, 0, 114]
('市场', '上'), [0, 0, 0, 0, 0, 0, 0, 0, 0, 0, 61]
('和', '发展'), [0, 0, 0, 0, 0, 0, 0, 0, 0, 0, 184]
('经济', '结构'), [0, 0, 0, 0, 0, 0, 0, 0, 0, 0, 73]
('领导', '同志'), [0, 0, 0, 0, 0, 0, 0, 0, 0, 0, 54]
('来', '了'), [0, 0, 0, 0, 0, 0, 0, 0, 0, 0, 77]
('走', '出'), [0, 0, 0, 0, 0, 0, 0, 0, 0, 0, 57]
('农业', '和'), [0, 0, 0, 0, 0, 0, 0, 0, 0, 0, 51]
('并', '不'), [0, 0, 0, 0, 0, 0, 0, 0, 0, 0, 145]
('存在', '的'), [0, 0, 0, 0, 0, 0, 0, 0, 0, 0, 55]
('我们', '要'), [0, 0, 0, 0, 0, 0, 0, 0, 0, 0, 71]
('天', '的'), [0, 0, 0, 0, 0, 0, 0, 0, 0, 0, 58]
('我', '的'), [0, 0, 0, 0, 0, 0, 0, 0, 0, 0, 123]
('１月', '７日'), [0, 0, 0, 0, 0, 0, 0, 0, 0, 0, 65]
('一', '系列'), [0, 0, 0, 0, 0, 0, 0, 0, 0, 0, 139]
('世界', '上'), [0, 0, 0, 0, 0, 0, 0, 0, 0, 0, 99]
('取得', '了'), [0, 0, 0, 0, 0, 0, 0, 0, 0, 0, 155]
('地', '说'), [0, 0, 0, 0, 0, 0, 0, 0, 0, 0, 105]
('作', '了'), [0, 0, 0, 0, 0, 0, 0, 0, 0, 0, 85]
('的', '利益'), [0, 0, 0, 0, 0, 0, 0, 0, 0, 0, 61]
('和', '人民'), [0, 0, 0, 0, 0, 0, 0, 0, 0, 0, 87]
('高', '达'), [0, 0, 0, 0, 0, 0, 0, 0, 0, 0, 64]
('加强', '对'), [0, 0, 0, 0, 0, 0, 0, 0, 0, 0, 62]
('个', '月'), [0, 0, 0, 0, 0, 0, 0, 0, 0, 0, 130]
('较', '大'), [0, 0, 0, 0, 0, 0, 0, 0, 0, 0, 102]
('据', '统计'), [0, 0, 0, 0, 0, 0, 0, 0, 0, 0, 54]
('年', '来'), [0, 0, 0, 0, 0, 0, 0, 0, 0, 0, 337]
('也', '有'), [0, 0, 0, 0, 0, 0, 0, 0, 0, 0, 108]
('的', '艺术'), [0, 0, 0, 0, 0, 0, 0, 0, 0, 0, 75]
('都', '是'), [0, 0, 0, 0, 0, 0, 0, 0, 0, 0, 248]
('的', '住房'), [0, 0, 0, 0, 0, 0, 0, 0, 0, 0, 54]
('规定', '的'), [0, 0, 0, 0, 0, 0, 0, 0, 0, 0, 57]
('作出', '了'), [0, 0, 0, 0, 0, 0, 0, 0, 0, 0, 89]
('记者', '张'), [0, 0, 0, 0, 0, 0, 0, 0, 0, 0, 63]
('又', '有'), [0, 0, 0, 0, 0, 0, 0, 0, 0, 0, 60]
('记者', '李'), [0, 0, 0, 0, 0, 0, 0, 0, 0, 0, 85]
('了', '一'), [0, 0, 0, 0, 0, 0, 0, 0, 0, 0, 434]
('一', '段'), [0, 0, 0, 0, 0, 0, 0, 0, 0, 0, 60]
('了', '新'), [0, 0, 0, 0, 0, 0, 0, 0, 0, 0, 95]
('要', '在'), [0, 0, 0, 0, 0, 0, 0, 0, 0, 0, 70]
('的', '需要'), [0, 0, 0, 0, 0, 0, 0, 0, 0, 0, 64]
('金融', '机构'), [0, 0, 0, 0, 0, 0, 0, 0, 0, 0, 84]
('水平', '的'), [0, 0, 0, 0, 0, 0, 0, 0, 0, 0, 93]
('进行', '的'), [0, 0, 0, 0, 0, 0, 0, 0, 0, 0, 54]
('出', '一'), [0, 0, 0, 0, 0, 0, 0, 0, 0, 0, 64]
('群众', '的'), [0, 0, 0, 0, 0, 0, 0, 0, 0, 0, 154]
('为', '人民'), [0, 0, 0, 0, 0, 0, 0, 0, 0, 0, 77]
('一', '批'), [0, 0, 0, 0, 0, 0, 0, 0, 0, 0, 187]
('系统', '的'), [0, 0, 0, 0, 0, 0, 0, 0, 0, 0, 57]
('带来', '了'), [0, 0, 0, 0, 0, 0, 0, 0, 0, 0, 54]
('一', '种'), [0, 0, 0, 0, 0, 0, 0, 0, 0, 0, 416]
('有关', '部门'), [0, 0, 0, 0, 0, 0, 0, 0, 0, 0, 195]
('江', '泽民'), [0, 0, 0, 0, 0, 0, 0, 0, 0, 0, 344]
('菜篮子', '工程'), [0, 0, 0, 0, 0, 0, 0, 0, 0, 0, 64]
('尉', '健行'), [0, 0, 0, 0, 0, 0, 0, 0, 0, 0, 57]
('的', '这'), [0, 0, 0, 0, 0, 0, 0, 0, 0, 0, 70]
('彭', '楚政'), [0, 0, 0, 0, 0, 0, 0, 0, 0, 0, 68]
('也', '将'), [0, 0, 0, 0, 0, 0, 0, 0, 0, 0, 59]
('成立', '了'), [0, 0, 0, 0, 0, 0, 0, 0, 0, 0, 67]
('的', '目标'), [0, 0, 0, 0, 0, 0, 0, 0, 0, 0, 80]
('体制', '改革'), [0, 0, 0, 0, 0, 0, 0, 0, 0, 0, 105]
('的', '改革'), [0, 0, 0, 0, 0, 0, 0, 0, 0, 0, 90]
('下午', '在'), [0, 0, 0, 0, 0, 0, 0, 0, 0, 0, 53]
('美国', '经济'), [0, 0, 0, 0, 0, 0, 0, 0, 0, 0, 57]
('下', '的'), [0, 0, 0, 0, 0, 0, 0, 0, 0, 0, 71]
('副', '书记'), [0, 0, 0, 0, 0, 0, 0, 0, 0, 0, 56]
('的', '变化'), [0, 0, 0, 0, 0, 0, 0, 0, 0, 0, 63]
('社会主义', '的'), [0, 0, 0, 0, 0, 0, 0, 0, 0, 0, 58]
('走', '上'), [0, 0, 0, 0, 0, 0, 0, 0, 0, 0, 58]
('只', '有'), [0, 0, 0, 0, 0, 0, 0, 0, 0, 0, 114]
('在', '过去'), [0, 0, 0, 0, 0, 0, 0, 0, 0, 0, 55]
('必要', '的'), [0, 0, 0, 0, 0, 0, 0, 0, 0, 0, 53]
('多', '元'), [0, 0, 0, 0, 0, 0, 0, 0, 0, 0, 61]
('了', '以'), [0, 0, 0, 0, 0, 0, 0, 0, 0, 0, 55]
('每', '一'), [0, 0, 0, 0, 0, 0, 0, 0, 0, 0, 53]
('１３日', '电'), [0, 0, 0, 0, 0, 0, 0, 0, 0, 0, 59]
('建立', '了'), [0, 0, 0, 0, 0, 0, 0, 0, 0, 0, 85]
('企业', '和'), [0, 0, 0, 0, 0, 0, 0, 0, 0, 0, 57]
('的', '政治'), [0, 0, 0, 0, 0, 0, 0, 0, 0, 0, 78]
('泽民', '同志'), [0, 0, 0, 0, 0, 0, 0, 0, 0, 0, 94]
('来', '的'), [0, 0, 0, 0, 0, 0, 0, 0, 0, 0, 118]
('他', '说'), [0, 0, 0, 0, 0, 0, 0, 0, 0, 0, 294]
('同时', '也'), [0, 0, 0, 0, 0, 0, 0, 0, 0, 0, 57]
('出', '的'), [0, 0, 0, 0, 0, 0, 0, 0, 0, 0, 61]
('将', '是'), [0, 0, 0, 0, 0, 0, 0, 0, 0, 0, 51]
('[全国', '人大'), [0, 0, 0, 0, 0, 0, 0, 0, 0, 0, 51]
('乔', '石'), [0, 0, 0, 0, 0, 0, 0, 0, 0, 0, 55]
('年', '内'), [0, 0, 0, 0, 0, 0, 0, 0, 0, 0, 51]
('的', '实际'), [0, 0, 0, 0, 0, 0, 0, 0, 0, 0, 82]
('企业', '集团'), [0, 0, 0, 0, 0, 0, 0, 0, 0, 0, 82]
('不', '会'), [0, 0, 0, 0, 0, 0, 0, 0, 0, 0, 136]
('１月', '２０日'), [0, 0, 0, 0, 0, 0, 0, 0, 0, 0, 56]
('由', '[中国'), [0, 0, 0, 0, 0, 0, 0, 0, 0, 0, 53]
('的', '优势'), [0, 0, 0, 0, 0, 0, 0, 0, 0, 0, 66]
('本报', '记者'), [0, 0, 0, 0, 0, 0, 0, 0, 0, 0, 223]
('的', '生产'), [0, 0, 0, 0, 0, 0, 0, 0, 0, 0, 67]
('高', '技术'), [0, 0, 0, 0, 0, 0, 0, 0, 0, 0, 53]
('的', '结果'), [0, 0, 0, 0, 0, 0, 0, 0, 0, 0, 64]
('的', '领导'), [0, 0, 0, 0, 0, 0, 0, 0, 0, 0, 130]
('基础', '上'), [0, 0, 0, 0, 0, 0, 0, 0, 0, 0, 158]
('领导', '下'), [0, 0, 0, 0, 0, 0, 0, 0, 0, 0, 54]
('和', '社会'), [0, 0, 0, 0, 0, 0, 0, 0, 0, 0, 103]
('制度', '的'), [0, 0, 0, 0, 0, 0, 0, 0, 0, 0, 54]
('的', '产品'), [0, 0, 0, 0, 0, 0, 0, 0, 0, 0, 55]
('工程', '建设'), [0, 0, 0, 0, 0, 0, 0, 0, 0, 0, 62]
('的', '基础'), [0, 0, 0, 0, 0, 0, 0, 0, 0, 0, 185]
('公司', '的'), [0, 0, 0, 0, 0, 0, 0, 0, 0, 0, 91]
('是', '对'), [0, 0, 0, 0, 0, 0, 0, 0, 0, 0, 79]
('为', '核心'), [0, 0, 0, 0, 0, 0, 0, 0, 0, 0, 66]
('提出', '了'), [0, 0, 0, 0, 0, 0, 0, 0, 0, 0, 104]
('多', '万'), [0, 0, 0, 0, 0, 0, 0, 0, 0, 0, 142]
('文明', '的'), [0, 0, 0, 0, 0, 0, 0, 0, 0, 0, 52]
('今年', '的'), [0, 0, 0, 0, 0, 0, 0, 0, 0, 0, 60]
('的', '老'), [0, 0, 0, 0, 0, 0, 0, 0, 0, 0, 55]
('农业', '科技'), [0, 0, 0, 0, 0, 0, 0, 0, 0, 0, 55]
('１月', '１日'), [0, 0, 0, 0, 0, 0, 0, 0, 0, 0, 70]
('在', '这'), [0, 0, 0, 0, 0, 0, 0, 0, 0, 0, 124]
('１月', '４日'), [0, 0, 0, 0, 0, 0, 0, 0, 0, 0, 53]
('说', '他'), [0, 0, 0, 0, 0, 0, 0, 0, 0, 0, 57]
('的', '民族'), [0, 0, 0, 0, 0, 0, 0, 0, 0, 0, 55]
('万', '元'), [0, 0, 0, 0, 0, 0, 0, 0, 0, 0, 82]
('各级', '领导'), [0, 0, 0, 0, 0, 0, 0, 0, 0, 0, 58]
('电', '记者'), [0, 0, 0, 0, 0, 0, 0, 0, 0, 0, 602]
('充分', '发挥'), [0, 0, 0, 0, 0, 0, 0, 0, 0, 0, 56]
('的', '世界'), [0, 0, 0, 0, 0, 0, 0, 0, 0, 0, 62]
('一', '天'), [0, 0, 0, 0, 0, 0, 0, 0, 0, 0, 110]
('几', '个'), [0, 0, 0, 0, 0, 0, 0, 0, 0, 0, 126]
('要', '把'), [0, 0, 0, 0, 0, 0, 0, 0, 0, 0, 70]
('又', '是'), [0, 0, 0, 0, 0, 0, 0, 0, 0, 0, 61]
('一', '座'), [0, 0, 0, 0, 0, 0, 0, 0, 0, 0, 55]
('的', '高度'), [0, 0, 0, 0, 0, 0, 0, 0, 0, 0, 64]
